2.12 0.707 0.565 0.548 0.459 0.477 0.389 0.406 0.371 0.353 0.318 0.283 0.424 0.212 0.23 0.212
0.707 2.332 0.548 0.689 0.583 0.512 0.442 0.424 0.371 0.353 0.318 0.318 0.442 0.212 0.212 0.212
0.548 0.548 7.844 0.654 0.618 0.53 0.495 0.548 0.459 0.424 0.442 0.389 1.449 0.247 0.265 0.247
0.548 0.707 0.654 2.332 0.742 0.636 0.512 0.495 0.406 0.353 0.318 0.3 0.459 0.212 0.212 0.194
0.477 0.565 0.618 0.742 2.12 0.671 0.548 0.601 0.442 0.389 0.336 0.318 0.53 0.23 0.212 0.212
0.459 0.512 0.53 0.654 0.671 2.12 0.618 0.548 0.442 0.389 0.336 0.3 0.442 0.212 0.212 0.194
0.371 0.424 0.495 0.53 0.548 0.636 1.908 0.601 0.477 0.424 0.353 0.318 0.442 0.212 0.212 0.194
0.389 0.424 0.548 0.495 0.636 0.548 0.583 1.802 0.601 0.477 0.389 0.336 0.512 0.23 0.212 0.212
0.389 0.371 0.459 0.424 0.442 0.459 0.477 0.601 2.12 0.583 0.442 0.353 0.442 0.247 0.247 0.212
0.353 0.353 0.424 0.371 0.371 0.389 0.424 0.477 0.583 2.014 0.512 0.406 0.442 0.265 0.247 0.212
0.3 0.318 0.442 0.318 0.353 0.318 0.353 0.389 0.442 0.512 1.908 0.495 0.707 0.3 0.247 0.23
0.3 0.318 0.389 0.318 0.318 0.318 0.318 0.353 0.353 0.389 0.477 1.802 0.424 0.371 0.3 0.247
0.389 0.424 1.413 0.459 0.512 0.424 0.406 0.512 0.424 0.406 0.689 0.389 21.518 0.283 0.265 0.247
0.212 0.23 0.247 0.23 0.23 0.212 0.23 0.23 0.247 0.265 0.318 0.371 0.3 1.802 0.442 0.353
0.212 0.194 0.247 0.212 0.194 0.212 0.212 0.212 0.247 0.247 0.265 0.3 0.265 0.442 1.908 0.406
0.194 0.212 0.247 0.194 0.194 0.194 0.194 0.194 0.212 0.212 0.23 0.247 0.265 0.353 0.406 1.696