27.030 0.936 0.848 0.671 0.636 0.548 0.495 0.477 0.406 0.389 0.389 1.943 0.265 0.230 0.212 0.212
0.936 3.074 1.042 0.883 0.742 0.636 0.583 0.495 0.442 0.389 0.353 0.318 0.265 0.230 0.230 0.177
0.848 1.042 3.498 1.042 0.883 0.742 0.654 0.548 0.477 0.406 0.371 0.442 0.265 0.247 0.212 0.159
0.707 0.866 1.060 3.180 1.025 0.848 0.707 0.601 0.495 0.442 0.389 0.371 0.265 0.230 0.212 0.177
0.636 0.742 0.883 1.025 3.816 0.954 0.813 0.654 0.565 0.477 0.406 0.477 0.300 0.265 0.212 0.159
0.583 0.654 0.742 0.848 0.954 3.180 0.919 0.724 0.618 0.512 0.442 0.371 0.300 0.265 0.212 0.177
0.512 0.565 0.654 0.724 0.813 0.936 3.286 0.830 0.671 0.583 0.477 0.371 0.300 0.265 0.230 0.177
0.495 0.495 0.548 0.601 0.654 0.724 0.848 3.710 0.813 0.654 0.548 0.389 0.336 0.300 0.230 0.159
0.442 0.442 0.477 0.512 0.565 0.618 0.671 0.813 3.074 0.777 0.618 0.406 0.353 0.300 0.230 0.159
0.406 0.371 0.424 0.442 0.477 0.512 0.583 0.654 0.777 3.286 0.742 0.442 0.406 0.336 0.265 0.177
0.389 0.336 0.371 0.406 0.406 0.442 0.477 0.548 0.618 0.724 2.968 0.530 0.459 0.371 0.265 0.177
1.378 0.300 0.353 0.318 0.371 0.318 0.318 0.353 0.371 0.406 0.495 42.189 0.406 0.318 0.230 0.212
0.265 0.265 0.283 0.265 0.283 0.300 0.300 0.318 0.353 0.389 0.459 0.424 2.862 0.583 0.371 0.230
0.265 0.247 0.247 0.247 0.265 0.265 0.283 0.283 0.300 0.336 0.389 0.353 0.583 3.392 0.477 0.212
0.212 0.230 0.230 0.230 0.230 0.230 0.230 0.230 0.247 0.265 0.300 0.247 0.371 0.477 2.862 0.265
0.194 0.194 0.177 0.177 0.159 0.177 0.177 0.159 0.159 0.159 0.159 0.265 0.230 0.230 0.265 24.274
