Basal lumen diameter (mm),Infill density,Taper ratio,Cochlear width (mm),Cochlear height (mm),Matrix resistivity (kohm.cm)
1.9977,24.246,0.9349,7.4823,4.3387,12.26767295
2.0435,23.7544,0.8912,7.5124,3.9644,12.91691666
2.0816,23.0887,0.8772,7.5998,3.7062,13.88580679
2.1396,30.9177,0.8591,7.4488,4.3106,6.854213926
2.1477,20.5959,0.8663,7.506,3.9205,18.75771787
2.0965,21.5968,0.8715,7.5167,4.1175,16.52090477
2.1998,23.7061,0.8681,7.3504,4.7356,12.98359961
2.0676,23.2907,0.9437,7.5634,4.5188,13.58008312
2.1718,21.3416,0.8587,7.7451,4.0044,17.04989088
2.3257,24.8486,0.8609,7.6803,4.7263,11.53913893
2.0813,23.0925,0.9079,7.8534,4.7695,13.87995634
2.1894,22.7643,0.8529,7.4566,4.3685,14.39987171
2.1022,24.9112,0.8964,7.5912,4.4686,11.46736133
2.1109,22.9131,0.8861,7.727,4.2805,14.16043388
1.9891,28.1419,0.908,7.386,4.6796,8.535399994
1.9807,25.7924,0.9207,7.6924,4.0628,10.52691969
2.126,24.1838,0.8971,7.6275,4.5189,12.34695869
2.0589,21.9917,0.8803,7.7236,3.9999,15.75157932
2.1824,28.07,0.8729,7.7653,4.4959,8.587290403
2.1503,24.981,0.9078,7.5712,4.4771,11.38814998
2.0734,25.4724,0.9169,7.7565,4.8823,10.85397335
2.0842,30.0292,0.8684,7.4179,4.0418,7.331297411
2.0989,22.2009,0.882,7.9689,4.1473,15.36653423
1.9956,22.4801,0.9339,7.4888,3.9974,14.87518826
2.1398,21.3988,0.8599,7.7102,3.6346,16.9290389
2.0667,20.4801,0.9474,7.6083,4.8304,19.04690312
2.1563,22.0331,0.8913,7.3918,4.392,15.67418844
2.0887,29.9941,0.8882,7.5469,4.5694,7.351204736
2.09,22.7073,0.9133,7.5652,4.8607,14.49327647
2.112,27.7563,0.8808,7.5515,4.2434,8.819579033
2.1247,20.1244,0.9057,7.662,4.8263,19.98030036
2.2319,25.2688,0.8785,7.7794,4.5959,11.07043139
2.11,21.2117,0.8778,7.8078,3.9001,17.32941877
2.1628,22.6818,0.8525,7.4784,4.0853,14.5353706
1.9877,23.6468,0.9101,7.7518,4.2765,13.06620981
2.0743,22.2484,0.8609,7.5471,3.8455,15.28116189
2.1789,20.5063,0.8522,7.4849,3.9361,18.98086555
2.1808,24.9346,0.8865,7.8213,4.7377,11.44071027
2.0085,21.5256,0.8805,7.3875,3.609,16.66587509
2.083,25.5817,0.8921,7.841,4.4365,10.74049448
2.0994,23.0343,0.8824,7.9828,3.9656,13.96998604
2.0446,23.1198,0.911,7.3909,4.2565,13.83803886
2.0336,29.1891,0.8872,7.4576,4.4874,7.83208799
2.0647,27.3823,0.8689,7.6262,4.1158,9.109638058
2.1168,22.949,0.8778,7.489,3.9812,14.10360023
2.1391,22.4442,0.8886,7.3546,4.5561,14.93697626
2.1631,24.4238,0.8722,7.4762,4.2866,12.04538096
2.1096,26.3037,0.8834,7.3924,4.5559,10.03547273
2.0834,29.3436,0.8814,7.4798,4.3105,7.736039366
2.3408,25.8877,0.8533,7.7693,4.7638,10.43249796
2.1266,21.5717,0.8961,7.4889,4.8553,16.57178453
2.2048,25.7057,0.8819,7.6382,4.8499,10.61398957
1.9854,26.1791,0.9073,7.4444,4.111,10.15187074
2.0645,23.0587,0.8753,7.4471,4.1911,13.93213053
2.0359,21.4057,0.8822,7.7097,3.6058,16.91455138
2.022,20.1923,0.9166,7.5854,4.3337,19.79666105
2.0077,24.7707,0.89,7.483,3.6973,11.62944757
2.0162,23.123,0.9082,7.9833,4.4211,13.83313845
2.0104,22.4327,0.8868,8.0379,3.6079,14.95685417
2.1476,24.5681,0.8911,7.661,4.5765,11.86957674
2.1092,21.7523,0.8759,7.6818,3.8982,16.21107994
2.0195,22.051,0.9376,7.3422,3.707,15.64091157
2.2069,31.0847,0.8643,7.4153,4.1314,6.769979465
1.9891,23.5609,0.9016,7.9331,3.8264,13.1873455
2.0578,21.5884,0.8931,7.4159,4.1688,16.53790497
2.0162,24.9852,0.8915,7.628,4.0809,11.38341106
2.207,25.9813,0.8709,7.7119,4.5789,10.34104627
2.1086,23.3894,0.8986,7.7475,4.6143,13.43452201
2.2025,24.1033,0.8746,7.6637,4.5385,12.45076961
1.9864,21.6068,0.9207,7.7564,3.8592,16.50070212
1.9909,22.9261,0.8883,7.4454,3.973,14.13981206
2.0211,25.6635,0.8853,7.8704,3.9755,10.6567787
2.0791,26.7082,0.8506,7.4016,3.9178,9.671667466
1.9915,23.747,0.9147,7.6035,4.1845,12.92709823
2.0805,25.3295,0.8773,7.441,4.0244,11.00519508
2.1269,22.7755,0.8724,7.8247,3.9866,14.3816294
2.0837,24.1538,0.9486,7.5637,4.9445,12.38548687
2.0986,21.5853,0.8798,7.6831,4.1352,16.54418578
2.0594,23.1359,0.9099,7.5778,4.3762,13.81341123
1.9863,22.1133,0.9068,7.6567,3.8814,15.52595226
2.2062,25.88,0.8596,7.7297,4.4804,10.44007761
2.1224,20.951,0.8583,7.5221,3.8242,17.91254937
2.2128,26.9116,0.8635,7.7809,4.4332,9.496481165
2.0456,30.023,0.868,7.3724,4.1149,7.334807656
2.2122,29.6974,0.8532,7.58,4.3549,7.522920966
2.0555,22.7975,0.8985,7.7896,4.3066,14.34590159
1.9825,21.4551,0.9274,7.598,4.0683,16.81139437
2.3118,25.4065,0.854,7.7528,4.8552,10.92330372
1.9831,26.6132,0.9148,7.3546,4.6971,9.755231398
2.0391,22.2001,0.8993,7.5095,4.2843,15.36797848
2.0719,23.9311,0.9071,7.8851,4.736,12.67748162
2.0264,22.1544,0.9514,7.5759,4.075,15.45083562
2.0572,27.1678,0.8643,7.6361,3.9691,9.282801234
2.0402,21.1771,0.9147,7.3927,3.8758,17.40508576
2.0093,21.4746,0.9067,7.6137,4.2562,16.77094571
2.1505,22.7106,0.8571,7.6681,3.767,14.48784296
2.1005,21.7707,0.8919,8.1592,3.9902,16.17502222
2.1198,27.6366,0.8746,7.4502,4.321,8.910819412
2.0474,26.5873,0.9062,7.5514,4.5061,9.778209963
2.0656,23.7712,0.9254,7.548,4.9189,12.89384835
2.0585,22.1817,0.8715,7.7951,3.7194,15.40125496
2.1431,25.207,0.9228,7.4423,4.768,11.13747472
2.2967,25.9095,0.8537,7.779,4.5794,10.41108539
2.1052,22.7187,0.8826,7.579,4.0402,14.47451969
2.1606,21.9646,0.8634,8.1027,3.7498,15.80256341
2.3463,25.6605,0.8563,7.6651,4.7179,10.65983087
2.1147,21.8548,0.87,7.5055,3.9726,16.01180426
2.1389,21.6456,0.8774,7.4113,4.0014,16.42268127
2.1264,25.3272,0.8554,7.6063,3.5495,11.00765597
2.0164,20.0226,0.9048,7.3909,3.7962,20.26066948
2.1275,28.3903,0.8639,7.6012,4.3339,8.35985873
2.1017,26.3117,0.8935,7.4261,4.8749,10.02807089
1.9841,20.3578,0.8898,7.3787,4.0302,19.35997945
2.1009,27.9318,0.8632,7.6177,4.1187,8.688428637
2.1339,26.5945,0.868,7.6229,4.3041,9.771813592
1.9935,23.982,0.9317,7.3938,4.7655,12.60979932
2.0555,24.8794,0.8653,7.6301,3.9781,11.50373571
2.0599,22.9386,0.885,7.5913,4.0778,14.12002774
2.0736,23.243,0.9424,7.5098,4.7181,13.6513182
2.2154,23.8716,0.8604,7.7113,4.3091,12.75732392
2.154,25.1329,0.8522,7.597,3.8647,11.21870421
2.1622,22.3975,0.8898,7.628,4.5255,15.01795625
2.0564,22.4748,0.932,7.6124,4.8823,14.88428493
2.0149,22.9068,0.9271,7.4372,3.7335,14.1704445
2.0518,20.5044,0.9098,7.909,4.469,18.98564245
2.1067,21.736,0.8606,7.3797,4.0233,16.24312772
2.0588,27.0466,0.8936,7.6012,4.6127,9.382936821
2.1529,22.2086,0.8775,7.5721,4.029,15.35264423
2.0657,26.0729,0.8725,7.7293,3.8176,10.25275933
2.0113,25.3682,0.8815,7.5142,3.7437,10.96391687
2.14,22.4236,0.8707,7.4324,4.0849,14.97261305
2.2253,22.3932,0.8558,7.6605,3.96,15.02544723
2.0725,27.3103,0.8691,7.4336,4.2035,9.167194197
2.222,22.5815,0.8699,7.3972,4.4204,14.70281441
2.1567,24.6675,0.8537,7.5337,4.0246,11.75080281
2.152,27.1735,0.8595,7.5075,4.1642,9.278133175
2.09,25.1071,0.9014,7.741,4.7757,11.24720464
2.1165,21.2528,0.9007,7.91,4.2276,17.2402048
2.1653,26.1575,0.8677,7.5147,4.1114,10.17226404
2.173,25.6392,0.9125,7.394,4.5316,10.68154073
2.1313,23.8396,0.894,7.5557,4.7038,12.80059072
2.0469,26.6374,0.9157,7.4954,4.545,9.73383747
2.1959,22.5421,0.8585,7.3558,4.0543,14.7694183
2.0998,25.9562,0.8824,7.3576,4.0743,10.36544652
2.103,24.8429,0.9044,7.8019,4.8326,11.54570955
2.1083,23.6737,0.9208,7.7549,4.9281,13.02863392
2.0438,26.7775,0.9247,7.515,3.9921,9.611415225
2.1757,25.4772,0.8657,7.3442,4.627,10.84895045
2.017,25.5211,0.9073,7.5387,4.1624,10.80318041
2.0794,20.8658,0.8987,7.7816,4.0574,18.10981164
1.9889,24.8823,0.9086,7.6502,4.4748,11.50041106
2.0644,24.9198,0.8879,7.7794,4.0356,11.45755519
2.0817,23.0326,0.8636,7.6394,3.6777,13.97262952
2.0516,23.8538,0.9136,7.5255,4.7635,12.78136274
2.0776,24.5444,0.926,7.6706,4.432,11.89817396
2.0479,21.5079,0.909,7.6251,4.5281,16.70222359
2.0548,27.3384,0.8603,7.5322,3.931,9.144663681
2.1165,27.7577,0.8812,7.6304,4.1416,8.818520569
2.0393,22.6986,0.8952,7.6419,4.1343,14.5076165
2.1843,24.9038,0.8516,7.5442,4.3143,11.4758097
2.2536,26.4086,0.8669,7.8621,4.6353,9.939091336
2.158,27.6338,0.8596,7.4625,4.3939,8.912971374
2.1227,24.7712,0.9023,7.5763,4.8153,11.6288644
2.0308,22.523,0.9099,7.3585,4.7767,14.80187631
2.0838,23.7048,0.8721,7.5414,3.8309,12.98540184
2.1232,21.7212,0.8755,7.528,4.0114,16.27231242
2.0952,21.3569,0.8684,7.6409,4.0833,17.01743293
2.182,21.4268,0.8527,7.6,4.026,16.87036935
2.0923,21.0927,0.9457,7.5516,4.9041,17.59184815
2.0303,26.6683,0.8855,7.6321,4.1558,9.706627145
2.0717,23.8998,0.9099,7.9342,4.5621,12.71938474
2.0876,26.1287,0.8631,7.763,4.0487,10.19955515
2.1359,21.7285,0.8546,7.9086,3.7444,16.257907
2.0894,24.861,0.8645,7.7923,3.5504,11.52486518
2.04,26.479,0.8724,7.4598,4.0276,9.875219262
2.1771,25.6485,0.8599,7.3553,4.62,10.67205326
2.0048,27.5581,0.9326,7.3596,4.455,8.971461345
2.0891,20.6302,0.897,7.7089,4.0323,18.67338083
2.0754,27.4231,0.9384,7.4316,4.542,9.077273917
2.0247,26.4505,0.8785,7.5524,4.004,9.900998845
2.1947,23.6151,0.8899,7.7017,4.673,13.11070916
2.0988,20.9552,0.8801,7.4402,4.0103,17.90291238
2.0143,23.6737,0.8892,7.7151,3.7253,13.02863392
2.0372,23.4078,0.8928,7.9912,3.812,13.40765647
2.0153,22.3956,0.9263,7.3678,4.5944,15.02126549
2.0627,22.4667,0.9023,7.769,4.2102,14.89820425
2.2351,20.9389,0.8623,7.5071,4.3125,17.94035859
1.9869,21.2176,0.9002,7.609,3.9752,17.31656747
2.1247,20.5881,0.8994,7.7973,4.5123,18.77697988
2.1944,26.9063,0.8528,7.5134,4.1378,9.500982704
2.0993,24.0091,0.8899,7.7247,4.4026,12.5739949
2.0241,21.6054,0.9391,7.8293,4.806,16.50352816
2.0817,20.3005,0.8849,7.5522,4.097,19.50944536
2.0472,22.6122,0.9122,7.4757,4.7165,14.65124318
2.1418,23.918,0.8985,7.3928,4.8058,12.69499298
1.9892,21.9834,0.9166,7.4529,4.5439,15.76716695
2.1285,20.4546,0.8956,7.4964,4.6406,19.11152279
2.1963,23.0179,0.8747,7.4668,4.7091,13.99552059
2.0092,21.6264,0.9478,7.8112,3.8953,16.46121709
2.193,22.1151,0.8518,7.9069,3.928,15.52265051
2.0928,23.0857,0.8939,7.3728,4.7206,13.89042829
2.2847,25.5885,0.8507,7.4573,4.6834,10.733496
2.2389,24.0955,0.8753,7.3699,4.6537,12.46090096
2.1786,26.6118,0.8695,7.6981,4.2242,9.756471318
2.0105,21.1155,0.8971,7.3586,4.0635,17.54108722
2.1017,23.7619,0.8983,7.5305,4.6282,12.90661032
2.0466,26.2115,0.8966,7.7208,4.2065,10.12140072
2.1257,28.8079,0.8808,7.5271,4.3345,8.077228016
2.0489,26.9776,0.8979,7.521,4.5982,9.440703127
2.0576,26.3888,0.9101,7.6967,4.8679,9.957172063
2.019,23.6659,0.933,7.5733,4.7071,13.03951208
2.242,21.202,0.8552,7.5019,4.13,17.35057968
2.1588,22.5841,0.8931,7.6928,4.5676,14.69843579
2.121,25.2402,0.9297,7.5805,4.6934,11.10137906
2.1717,28.655,0.8568,7.5203,3.9374,8.178948337
2.2172,23.1001,0.8521,7.6419,3.8196,13.86826704
2.3152,26.0222,0.8536,7.5092,4.6847,10.30147891
2.2811,26.5503,0.8621,7.6371,4.6907,9.811183948
1.9955,22.8862,0.8977,7.8928,3.9694,14.20325517
1.9804,24.9177,0.9284,7.489,4.1528,11.4599485
2.0635,21.0807,0.9435,7.6949,4.7814,17.61865697
2.2089,26.76,0.8588,7.5266,4.5687,9.626574801
2.0398,21.3782,0.8899,7.8024,3.9618,16.97240738
2.152,24.3842,0.8598,7.5054,3.832,12.09434083
2.0089,25.1988,0.9116,7.719,4.3277,11.14641825
2.0414,21.6218,0.8899,7.7122,3.9336,16.47047067
2.1545,23.4074,0.8848,7.5658,4.4796,13.40823961
2.1024,21.8804,0.8779,7.4314,4.0935,15.9626329
2.1589,26.3184,0.9003,7.3427,4.6843,10.02187842
2.0619,22.8525,0.8945,7.6451,4.1651,14.25718821
2.0061,23.8943,0.8844,7.6895,3.8041,12.72677033
2.3032,20.8681,0.86,7.802,4.4589,18.10444185
2.184,28.908,0.8548,7.4301,4.3885,8.011703828
2.0347,25.1402,0.8783,7.6819,3.681,11.21066068
2.0049,21.8184,0.9131,7.8696,4.2326,16.08212964
2.1836,21.4556,0.8849,7.7565,4.5088,16.81035532
2.1221,23.5563,0.8723,7.7417,3.9712,13.193882
2.1819,26.3563,0.8598,7.5222,4.3017,9.986961989
2.1225,23.464,0.8508,7.9248,3.758,13.32611902
1.9957,21.5028,0.9358,7.4599,4.1653,16.71271995
2.0375,25.1066,0.9129,7.7806,4.4263,11.2477581
2.1279,23.2628,0.8738,7.9999,4.0104,13.62167799
2.3457,20.8656,0.8618,8.0481,4.6522,18.1102787
1.9894,25.7973,0.9261,7.4741,4.0255,10.52203223
2.1888,26.3658,0.8546,7.4557,4.0245,9.978239732
2.0312,21.2886,0.9371,7.5923,4.7988,17.16308049
2.0362,21.4114,0.8961,7.3854,4.0609,16.90259809
2.0947,21.6246,0.888,7.9985,4.1565,16.46483708
2.1005,21.4717,0.8651,7.3982,3.7397,16.77695149
2.0811,27.1436,0.8616,7.3934,3.784,9.302661063
2.2208,21.7673,0.8567,7.5022,4.045,16.18167559
2.11,24.7931,0.8531,7.8554,3.7785,11.60336633
2.2292,21.3735,0.8722,7.5468,4.6855,16.98232653
2.0955,21.0714,0.8897,7.9339,4.1977,17.63947787
2.1739,23.4773,0.8999,7.4252,4.5576,13.3069365
1.9898,25.7449,0.9535,7.476,4.1127,10.57448307
2.1505,25.4337,0.8571,7.5319,4.0004,10.89460396
2.06,21.9888,0.8954,7.4393,4.1443,15.75702286
2.0244,20.9861,0.869,7.36,3.6608,17.83226079
2.0782,22.5978,0.9253,7.635,4.8377,14.67539758
2.0328,27.8548,0.8684,7.3641,4.1232,8.745591475
2.2009,29.7572,0.8602,7.5374,4.4477,7.487809001
2.107,27.6685,0.8815,7.6384,4.1431,8.886359789
2.0181,23.1882,0.9576,7.3505,4.6845,13.73388187
2.0396,22.6825,0.9168,7.9822,4.5959,14.53421252
2.3297,23.9184,0.863,7.6924,4.7618,12.69445772
2.2749,23.23,0.8614,7.4975,4.6456,13.67083395
2.0374,22.0515,0.9531,7.6609,3.9684,15.63998363
2.0866,25.513,0.9265,7.6879,4.9074,10.81160266
2.0796,25.3789,0.9065,7.6839,4.8499,10.95254684
2.0949,23.8894,0.8876,7.5518,4.1405,12.73335589
2.2696,24.085,0.868,7.8802,4.6609,12.47455974
2.2046,21.6728,0.8527,7.6313,4.0352,16.3683304
2.2541,21.9469,0.8624,7.3512,4.3692,15.83600277
2.0951,21.0599,0.9178,7.6667,4.7442,17.66527753
2.185,21.617,0.857,7.6844,4.1714,16.48013529
2.0003,22.2217,0.9095,7.5153,4.3389,15.32905837
2.1765,23.3355,0.8696,7.5133,4.0474,13.51370801
2.0846,25.9774,0.8904,7.6903,4.3231,10.34483163
1.9985,20.5778,0.9309,7.6244,3.877,18.80246315
2.1707,22.41,0.8927,7.5782,4.7151,14.99621334
2.2602,24.7384,0.862,8.1333,4.4834,11.66721789
2.1576,22.5833,0.8663,7.6291,4.0737,14.69978284
2.1916,22.6972,0.8583,7.7385,3.9295,14.50992617
2.1854,25.8584,0.8763,7.8218,4.4397,10.46138615
2.0168,23.3449,0.9172,7.3433,3.9852,13.49984563
2.0471,27.0308,0.8657,7.4025,4.0458,9.396115471
1.9999,22.7523,0.9575,7.6132,4.0944,14.41945732
2.2538,26.9013,0.8511,7.6746,4.3563,9.505232505
2.1536,23.0494,0.8626,7.574,4.2272,13.94654008
2.0333,22.5948,0.8793,7.4122,4.0886,14.6804376
2.227,25.0423,0.8604,7.4415,4.241,11.31928967
2.0061,25.2463,0.9549,7.5223,4.9038,11.09476697
2.2499,21.2092,0.851,8.1214,3.9807,17.33486874
2.0506,24.1312,0.9506,7.7528,4.8296,12.41463603
2.1381,21.5093,0.8792,7.5794,4.0648,16.69934404
1.9865,21.2632,0.9245,8.0857,4.3514,17.21774408
2.2305,25.2695,0.8517,7.7972,4.3541,11.06967562
2.2182,22.8161,0.8612,7.5967,4.3861,14.31580375
1.9804,23.9625,0.957,7.3879,3.7062,12.63566162
2.2617,21.1825,0.8665,7.5064,4.6755,17.3932424
2.0479,28.2118,0.9076,7.5772,4.7166,8.485422573
2.0635,26.9321,0.8755,7.4272,3.8851,9.479100986
2.0542,24.2733,0.9115,7.7936,4.5757,12.23312562
2.146,26.7315,0.878,7.5962,4.2621,9.651343595
1.9904,24.6091,0.8946,7.5501,3.9116,11.82035849
1.9862,23.4747,0.9203,7.4923,4.4321,13.31068306
2.0827,27.628,0.8634,7.496,4.078,8.917431602
2.1845,21.2604,0.8653,8.015,4.0393,17.22378669
2.1442,20.9107,0.8999,7.5517,4.8564,18.0054334
2.0582,21.2844,0.8764,7.5159,3.8371,17.17210056
2.0232,21.2838,0.8906,7.3904,4.0836,17.17338975
2.1456,26.2161,0.8869,7.5647,4.6303,10.11708635
2.1035,20.1861,0.8677,7.6346,4.0211,19.81331933
2.0121,21.9251,0.9548,7.4722,3.8231,15.87734061
2.1221,25.4092,0.8921,7.4811,4.335,10.92044955
2.048,23.3281,0.9107,7.5554,4.1993,13.52463665
2.0662,25.1075,0.91,7.76,4.6853,11.24676191
2.0128,20.2921,0.9123,7.4349,3.9903,19.53150855
2.03,21.9152,0.9528,7.4223,4.1413,15.89616917
2.1245,20.8604,0.8685,7.8027,3.9832,18.1224288
2.045,21.8508,0.884,7.9509,3.8434,16.01950873
2.1317,24.5257,0.8672,7.8672,3.7782,11.9208143
2.1052,24.0324,0.8782,7.5135,3.9836,12.54333824
2.1204,20.1711,0.8552,7.3752,3.8337,19.85371262
2.0596,23.8602,0.9304,7.3736,4.2003,12.7727114
2.2392,24.0632,0.8696,7.4769,4.9362,12.502993
2.0719,22.516,0.9123,7.9218,4.6084,14.81379992
2.0133,22.3606,0.9479,7.682,4.5862,15.08243034
2.0636,23.4266,0.9274,7.3463,4.8921,13.38029376
2.2446,20.5491,0.8602,7.361,4.3106,18.8737566
2.2272,25.3826,0.8806,7.7338,4.8164,10.94861945
2.1639,23.3414,0.8764,7.6795,4.2528,13.50500455
2.0528,20.9857,0.9127,7.8102,4.6438,17.83317258
2.0799,23.3474,0.8958,7.5885,4.1907,13.49616257
2.088,22.4315,0.8794,7.7894,3.8767,14.95893078
2.1487,25.5516,0.8956,7.7402,4.7878,10.77155909
2.2567,24.5001,0.8665,7.649,4.5089,11.95191823
2.3348,20.8226,0.8583,7.7082,4.5958,18.21113593
2.1463,27.6632,0.8705,7.8283,4.3535,8.890416319
2.1375,20.6594,0.8761,8.2466,3.8978,18.60205106
2.1017,21.7314,0.8647,7.7998,3.7693,16.25218985
1.9907,23.9923,0.9175,7.3692,3.7437,12.59617219
2.1084,22.2494,0.8831,7.6306,4.1029,15.27937257
2.0332,21.0391,0.8896,7.4285,4.128,17.71209173
2.2219,22.3746,0.8732,7.4531,4.6181,15.05791764
2.2702,21.8937,0.8559,7.376,4.0711,15.9371802
2.0957,22.7828,0.8965,7.9359,4.1778,14.36975882
2.019,23.3448,0.9101,7.3913,4.6476,13.49999298
2.0525,22.8213,0.8991,7.3867,4.3621,14.307407
1.987,23.9063,0.9372,7.4396,4.5767,12.71066497
1.9922,26.8744,0.8896,7.6112,4.0141,9.528147652
2.103,25.5529,0.8576,7.499,4.0131,10.77021452
2.203,20.2675,0.8847,7.5647,4.4975,19.59634763
2.0463,22.922,0.9016,7.7353,4.4751,14.14631078
2.075,22.5813,0.8795,7.6459,3.979,14.70315131
2.2462,22.8206,0.8685,7.3769,4.7099,14.30853688
2.1032,25.3408,0.8864,7.4622,4.3738,10.99311713
2.1858,24.8563,0.8877,7.5802,4.8573,11.53027213
2.104,20.7992,0.8836,7.8036,3.9687,18.26639142
2.16,25.7277,0.8722,7.3539,4.7724,10.59178913
2.0073,24.3552,0.8842,7.4364,3.8466,12.13039343
2.19,22.1089,0.8522,7.729,3.8811,15.53402785
2.112,26.9664,0.8839,7.6163,4.4419,9.450132259
1.9964,25.1439,0.8947,7.6903,3.9166,11.20658727
2.0318,21.769,0.8703,7.4008,3.8501,16.17834837
2.1144,24.4491,0.8817,7.6177,4.1044,12.01426348
2.1132,26.8199,0.8656,7.3411,4.3043,9.574840504
2.0501,26.837,0.9066,7.6845,4.4287,9.560151545
2.0101,24.6056,0.9141,7.7239,4.4399,11.82454755
2.0869,20.9345,0.9026,7.6655,4.1147,17.95048782
2.0478,25.9459,0.8892,7.642,4.1718,10.37548549
2.1262,20.5946,0.8811,7.5486,3.921,18.76092606
2.1306,27.7334,0.8758,7.6667,4.3699,8.836920781
2.1745,23.3461,0.8705,7.5694,4.57,13.49807757
1.9837,24.1816,0.9307,7.4125,3.6408,12.3497777
2.1348,21.3548,0.8765,7.5336,3.8416,17.02188221
2.0887,23.255,0.9042,7.5872,4.797,13.63334238
2.1984,26.2593,0.8884,7.4688,4.3083,10.07670905
2.014,23.16,0.9441,7.7654,4.918,13.77667443
2.0175,22.8125,0.9594,7.3513,4.5862,14.32162141
2.1996,24.7145,0.8682,7.4404,4.7188,11.6952895
2.0568,23.3093,0.8872,7.7177,4.129,13.5524637
2.1554,21.8948,0.8599,7.4676,4.2066,15.93507794
1.9906,21.9993,0.9523,8.0203,4.6091,15.73732748
2.013,25.2353,0.9164,7.5917,4.5463,11.10669489
1.989,24.1901,0.9324,7.5285,3.7339,12.33889164
2.322,20.9581,0.8515,7.8468,4.3928,17.89626301
2.3103,24.1603,0.8583,8.0418,4.6574,12.37712312
2.0273,25.6841,0.8784,7.7144,3.9282,10.6358574
2.1161,24.5771,0.8863,7.6757,4.4518,11.85874525
2.0814,28.8847,0.8531,7.4948,3.9994,8.026881133
2.1583,21.8171,0.8795,7.999,4.1258,16.08465021
2.1516,22.5294,0.8824,7.558,4.3557,14.79098788
2.1204,23.3618,0.8801,7.4413,4.0547,13.47497882
2.0038,25.0121,0.9312,7.4986,3.9351,11.35313252
2.0923,21.6681,0.869,7.446,3.8838,16.37770175
2.3264,23.9548,0.8553,7.6316,4.5127,12.64589681
2.1312,28.0263,0.8527,7.5688,3.9632,8.61907081
2.1221,24.8025,0.8711,7.5932,4.3412,11.59244882
2.0342,27.2647,0.9044,7.4895,4.7253,9.203941788
2.1097,21.9223,0.8558,7.614,3.6908,15.88266231
2.2415,22.811,0.8582,7.5702,4.3319,14.32404653
2.2973,24.0128,0.8525,7.8178,4.5374,12.56911883
2.148,24.1603,0.9011,7.7307,4.6995,12.37712312
2.2395,25.4865,0.8722,7.4191,4.86,10.83922895
2.0861,23.0683,0.9053,7.3868,4.7079,13.91728061
2.0641,23.0676,0.9552,7.4126,4.9165,13.91836258
1.9963,26.7149,0.9442,7.4501,4.3493,9.665816396
2.2318,22.5305,0.8708,7.3726,4.2828,14.7891177
2.218,21.4532,0.8635,7.4331,4.4642,16.8153437
2.0508,26.6718,0.9038,7.8284,4.2051,9.703552588
2.1392,21.2278,0.875,7.7269,3.9461,17.29438519
2.0021,22.8009,0.942,7.546,4.1727,14.34039243
2.0591,21.4125,0.9114,7.4167,4.7517,16.90029284
2.2508,23.7484,0.8506,7.7405,4.0457,12.92517102
2.1463,21.5104,0.8581,7.7193,4.0605,16.69708209
2.039,26.941,0.8964,7.6906,4.0555,9.471570961
2.1431,22.8172,0.8591,7.3725,3.7815,14.31402687
2.0834,23.7462,0.9033,7.8695,4.4942,12.92819969
2.1313,23.5331,0.8675,7.6072,4.1978,13.22692621
2.0834,24.4833,0.9071,7.3645,4.8354,11.97239937
2.1101,26.6508,0.8513,7.3763,4.0478,9.722022861
1.992,22.8232,0.9123,7.4546,3.7993,14.30434088
2.1853,20.0864,0.8734,7.453,4.5259,20.08424145
2.1851,20.6969,0.8531,8.2048,3.679,18.5110706
1.9969,20.3467,0.9423,7.3458,3.6254,19.38879311
2.0196,21.5304,0.9371,7.9387,4.7592,16.65603924
2.0935,23.0754,0.906,7.7959,4.6002,13.90631381
2.0991,26.1926,0.8921,7.5446,4.7674,10.13915745
2.2129,21.3855,0.8578,7.6486,4.1839,16.95701904
2.127,20.9534,0.871,7.7546,4.0109,17.90704153
2.0303,22.0453,0.8952,7.6139,4.1834,15.65149609
2.0244,24.0293,0.9481,7.6712,4.919,12.54741026
2.1318,26.2397,0.8753,7.6195,4.3299,10.09499702
2.0992,22.952,0.9019,7.4369,4.5612,14.09886709
2.1741,22.8141,0.8725,7.5503,4.0714,14.31903532
2.1942,24.1212,0.8906,7.6178,4.8055,12.42756821
2.0258,27.0738,0.9205,7.3503,4.7601,9.360317288
2.023,21.5206,0.8824,7.7928,3.7786,16.67613045
2.1093,22.8051,0.8706,7.5885,3.7721,14.33359157
2.0487,27.3536,0.8699,7.6905,3.9391,9.132512505
2.0477,22.0352,0.875,7.8291,3.6194,15.67027871
2.0344,25.3999,0.8764,7.4309,4.1133,10.9302855
2.1596,21.2099,0.8782,7.5321,4.4857,17.33334248
2.0099,22.6884,0.9351,7.4097,4.7215,14.52445729
2.1174,24.4323,0.8833,7.5627,4.2025,12.0349124
2.025,21.3231,0.8653,7.4363,3.8262,17.0892672
2.1262,26.4354,0.8768,7.8314,4.2424,9.914700275
2.1527,22.6323,0.8915,7.4993,4.6906,14.61763171
1.9959,21.5806,0.9395,7.5032,4.3667,16.55371543
2.1309,21.2988,0.8995,7.6869,4.7117,17.14120548
2.2156,26.1803,0.8603,7.3616,4.0956,10.15073966
2.0253,25.5314,0.8778,7.6699,3.8618,10.79248548
2.1048,27.1759,0.8649,7.632,4.1054,9.276168777
2.0157,23.0084,0.896,7.563,3.8958,14.01034542
2.167,25.0191,0.9102,7.4331,4.4172,11.34527404
2.2419,25.6185,0.8609,7.569,4.5834,10.70270552
2.069,23.7993,0.8979,7.751,4.5834,12.8554079
2.2863,26.4866,0.8549,7.634,4.6047,9.868362472
2.2179,25.4686,0.8863,7.397,4.2384,10.8579524
2.1363,27.5857,0.8674,7.6903,4.3957,8.950066571
2.0143,21.8148,0.8702,7.5249,3.83,16.0891112
2.062,25.7999,0.9031,7.7512,4.4083,10.51944034
2.0793,25.886,0.9003,7.3905,4.0178,10.43417065
2.0324,26.0466,0.9005,7.6708,4.0336,10.27798682
2.0165,23.9288,0.9198,7.6769,4.5311,12.68055339
2.0766,24.5132,0.9083,7.6073,4.6734,11.93598589
2.0058,25.3352,0.9138,7.7278,4.0387,10.99910006
2.0944,23.3145,0.895,7.7133,4.5931,13.54475789
2.0469,22.6338,0.9395,7.787,4.7287,14.61512824
2.1629,24.5503,0.9065,7.3983,4.6445,11.89104473
2.1993,25.2913,0.8744,7.6266,4.5524,11.04617937
2.0588,24.5012,0.8626,7.6444,3.5563,11.95057912
2.1875,21.644,0.9137,7.3653,4.7847,16.42588718
2.0819,22.0207,0.8882,7.9153,4.0233,15.69730569
2.0998,21.3827,0.8905,7.7194,4.2307,16.96291883
2.1373,22.2359,0.8976,7.4585,4.6607,15.30355609
1.9838,26.2808,0.9517,7.5531,4.2856,10.05670791
2.0856,20.6419,0.8771,7.5068,3.7828,18.64474868
2.2996,22.6111,0.8632,7.3744,4.193,14.65308611
2.0564,20.8931,0.8791,7.9352,3.8402,18.04623518
2.0294,22.2355,0.8714,7.6878,3.7743,15.30427355
2.0409,22.1362,0.8632,7.3641,3.798,15.48402852
2.1476,21.5133,0.8504,7.3852,3.8643,16.69112105
2.0831,22.1411,0.8938,7.4666,4.6066,15.47508098
2.1079,23.8121,0.9108,7.9487,4.5487,12.83795718
2.155,20.3431,0.8974,7.9695,4.6932,19.39815252
2.1644,24.7115,0.8591,7.6702,4.1477,11.69882061
2.0922,23.4488,0.8691,7.348,4.237,13.34809502
1.9809,20.2259,0.938,7.3585,3.9684,19.70676455
1.9829,26.0113,0.9211,7.7468,4.6435,10.31200054
2.0609,23.5506,0.8677,7.7672,3.7489,13.20198862
2.1365,22.4777,0.8931,7.8334,4.747,14.87930643
2.1234,28.9762,0.8767,7.6517,4.2003,7.967536833
2.1121,24.3332,0.9,7.5526,4.7346,12.15785618
2.0823,22.9926,0.8936,7.6341,4.1159,14.03505602
2.1684,24.9287,0.891,7.7389,4.4645,11.44742082
1.993,24.6082,0.922,7.6319,4.0548,11.82143545
2.126,26.038,0.8949,7.7761,4.5792,10.28625723
2.0741,27.4212,0.8965,7.4402,4.5133,9.078777067
2.3238,22.283,0.8532,7.8332,4.6059,15.21944188
2.1199,24.196,0.8836,7.5609,4.2722,12.33134427
2.2329,25.8078,0.8553,7.3444,4.7024,10.51157109
2.0021,21.5189,0.9344,7.5212,4.1329,16.67961953
2.0665,23.1383,0.9383,7.552,4.588,13.80974591
2.1167,24.1804,0.9305,7.4196,4.7363,12.35131577
2.0406,26.0263,0.9066,7.6441,4.6267,10.29752559
2.0853,21.8344,0.8863,8.0647,3.8872,16.05115788
2.1628,25.4747,0.879,7.6128,4.4606,10.85156609
2.0416,21.0972,0.9012,7.8403,4.0804,17.58181132
2.0632,26.2723,0.8767,7.3487,4.1022,10.06460789
2.0819,21.5025,0.8945,7.6389,4.0355,16.7133377
2.035,25.6672,0.9181,7.6442,4.5631,10.65301624
2.1121,22.8671,0.9311,7.4236,4.5376,14.23378322
2.218,25.6761,0.8797,7.9002,4.8568,10.64397453
2.0335,26.5448,0.8826,7.6254,3.9861,9.816100364
2.0323,26.4893,0.9382,7.3744,4.1867,9.865928304
2.0101,22.6074,0.8927,7.463,3.8801,14.65928772
2.1032,27.8888,0.9375,7.3957,4.6397,8.720278285
2.0822,24.4887,0.8562,7.6343,3.7323,11.96581015
2.226,21.8684,0.8519,7.6116,4.0439,15.98565247
2.2425,27.7759,0.8531,7.7929,4.3621,8.804778639
2.2055,21.0881,0.8899,7.4817,4.9185,17.6021173
2.3095,20.1236,0.8675,7.9022,4.6742,19.9824799
2.0396,26.5786,0.8965,7.5049,4.0897,9.78594767
2.2573,25.4039,0.8614,7.7398,4.5706,10.92605328
1.9819,22.2346,0.9514,7.4592,4.4765,15.30588804
2.0099,23.6357,0.9152,7.3969,3.7262,13.08176464
2.1351,24.0771,0.9109,7.4342,4.6001,12.48485182
2.1859,24.0192,0.8822,7.5107,4.6915,12.56069156
2.18,21.5167,0.862,7.5888,4.0783,16.6841365
2.0336,22.764,0.8806,7.6943,3.8929,14.40036084
2.0085,21.7025,0.8879,7.7949,3.84,16.30930537
2.019,22.2711,0.9021,7.7553,3.8689,15.24062514
2.0512,21.8338,0.89,7.8104,3.9014,16.05231763
2.0977,27.1866,0.8626,7.489,4.0714,9.267418762
2.2149,20.8788,0.8574,7.4891,4.1602,18.07949343
2.2263,22.5613,0.8548,7.3447,4.1734,14.73690264
2.2786,26.1206,0.8686,7.82,4.7112,10.20725145
2.1584,23.015,0.8737,7.5339,4.0168,14.00004345
2.099,25.9961,0.8934,7.5726,4.1872,10.32670104
2.0738,20.9898,0.8933,7.5648,3.9742,17.82383019
2.0657,23.8182,0.9218,7.4168,4.7773,12.82965388
2.1955,21.9171,0.8863,7.7022,4.6708,15.89255289
2.1313,24.3418,0.9004,7.5068,4.6952,12.14710915
2.259,23.6629,0.8659,7.8805,4.4907,13.04369978
2.0863,24.7497,0.8938,7.6548,4.6427,11.65398229
2.1733,27.6981,0.8677,7.6678,4.2765,8.863757705
2.1643,21.5125,0.8728,7.489,3.9681,16.69276514
2.236,29.4501,0.8636,7.5377,4.6373,7.670901456
2.1353,26.8826,0.8926,7.3878,4.6879,9.521153199
2.0066,24.4216,0.9168,7.397,3.8981,12.0480928
2.0878,25.628,0.8671,7.4031,3.9857,10.69298406
2.0032,21.1029,0.8981,7.3684,4.0003,17.56911089
2.0925,25.3434,0.8582,7.3837,3.8534,10.99034107
2.1503,23.6831,0.8896,7.549,4.4703,13.01554323
2.063,22.691,0.9422,7.3708,4.8213,14.52016163
2.1893,21.1154,0.8742,7.5342,4.0115,17.54130935
2.1869,21.6357,0.8886,7.4748,4.7489,16.44253362
2.1506,22.4705,0.8716,7.434,4.5414,14.89167166
2.2063,25.6615,0.855,7.655,4.1805,10.65881333
2.0278,22.7564,0.8747,7.6003,3.9376,14.41276087
2.1561,24.5554,0.902,7.5418,4.9143,11.88488757
2.1264,21.0471,0.8647,7.5673,3.7676,17.69406328
2.1914,21.2849,0.8619,7.5461,4.1838,17.17102635
2.1643,20.6989,0.8973,7.4294,4.6332,18.50623791
2.1864,21.5805,0.8523,7.6423,4.0299,16.55391828
2.0812,24.0251,0.9144,7.6145,4.6462,12.5529305
2.2174,27.0784,0.8654,7.9524,4.4154,9.356500376
2.1221,23.6163,0.8972,7.789,4.6561,13.10902032
1.9924,21.7756,0.9177,7.7302,4.3837,16.16544109
2.0864,20.0186,0.9179,7.5862,4.6972,20.27181165
2.0342,21.6022,0.889,7.3545,4.0735,16.50999053
2.1283,22.0987,0.8886,7.688,4.5326,15.55277388
2.0054,23.5862,0.9326,7.6534,4.7102,13.15148532
2.1615,21.7791,0.8516,7.3703,3.8621,16.15860287
2.1506,26.2321,0.8846,7.7046,4.4147,10.10210227
2.2293,20.2936,0.8549,7.3828,4.2146,19.52756582
2.0094,27.466,0.9408,7.3948,4.1862,9.043437925
2.1341,26.6343,0.8819,7.5764,4.2902,9.736573905
2.0944,25.751,0.8793,7.7912,4.0626,10.5683561
2.0073,27.8576,0.9095,7.5872,4.6898,8.743502511
2.1412,25.2511,0.8637,7.5158,4.0929,11.08956834
2.2701,21.2864,0.8646,7.3795,4.5442,17.16780436
1.9803,21.5196,0.8895,7.6498,3.8296,16.67818271
2.0667,21.6523,0.9047,7.8797,4.0575,16.40926714
2.194,20.6765,0.8648,7.5124,3.9049,18.56047724
2.0859,21.0195,0.9088,7.6133,4.6328,17.7563833
2.2197,26.0799,0.874,7.7775,4.6537,10.24606113
2.3526,26.3185,0.8527,7.6873,4.7574,10.02178604
2.1619,20.5763,0.8768,7.6029,3.9672,18.80617883
2.2657,25.42,0.8551,7.7372,4.4913,10.90904456
2.1498,22.445,0.8574,7.6202,3.7574,14.93559499
2.0227,24.6994,0.8972,7.4859,4.1075,11.71307973
2.0685,25.5506,0.8978,7.8268,4.632,10.77259356
2.3309,20.9114,0.8541,7.4789,4.8493,18.0038136
2.1989,22.872,0.8532,7.7457,4.1384,14.22594161
1.9891,23.9388,0.9562,7.6256,4.5329,12.66720634
2.1211,22.2657,0.8876,7.8126,4.3736,15.25025295
2.1258,21.2874,0.8817,7.596,4.3069,17.16565689
2.098,24.1696,0.8976,8.0132,4.52,12.36517191
2.1256,24.3708,0.8956,7.4674,4.8558,12.11097872
2.0676,23.5217,0.9428,7.4877,4.5562,13.243211
2.0897,22.1453,0.8704,7.8292,3.7897,15.46741811
2.0189,22.5093,0.8722,8.265,3.5347,14.82522662
2.0219,20.0056,0.9298,7.6566,4.1468,20.30809011
2.0042,26.0785,0.9262,7.8119,4.6192,10.24740022
2.1065,23.2381,0.9194,7.8408,4.8522,13.658669
2.201,27.6998,0.8668,7.681,4.3084,8.862462349
2.2588,23.8273,0.8567,7.367,4.2484,12.81728262
2.1454,25.878,0.8667,7.7999,4.1151,10.44204777
2.1593,26.4293,0.8844,7.3774,4.6896,9.920243719
1.9941,24.9356,0.9196,7.7884,4.5705,11.4395735
2.1398,24.6552,0.896,7.5371,4.7692,11.76539896
2.0613,23.2064,0.9013,7.4116,4.3694,13.70637448
2.0105,24.6451,0.9522,7.3783,3.8527,11.77740567
1.9945,24.2132,0.9143,7.6009,4.4669,12.30938301
2.0638,27.2856,0.889,7.371,4.1023,9.187070536
2.2237,28.4777,0.8571,7.9178,4.3599,8.29943702
2.1499,22.3898,0.8575,7.423,4.2133,15.03137448
2.025,21.0332,0.9255,7.715,4.5975,17.72540616
2.0028,25.5613,0.8772,7.4335,3.5754,10.76153288
2.0104,21.8097,0.8674,7.5665,3.6434,16.09900987
2.249,23.4447,0.8548,7.3775,4.521,13.35403249
2.0457,24.6491,0.8706,7.4689,3.8352,11.77264824
2.24,20.2847,0.8803,7.4179,4.6343,19.55097758
2.0138,22.4824,0.9045,7.9105,4.0056,14.87124336
1.9993,24.0301,0.9581,7.453,4.5758,12.54635922
2.1231,28.2276,0.9308,7.4452,4.6166,8.474189364
2.1465,20.8734,0.8762,7.5619,4.0089,18.09207748
2.1001,26.5529,0.8835,7.8773,4.2019,9.808861168
2.0026,27.0648,0.8904,7.7897,3.953,9.367792223
2.1665,27.4675,0.8634,7.4976,4.2559,9.042258427
2.0467,25.1793,0.8747,7.6881,3.5931,11.16773165
2.1315,25.9669,0.8784,7.5095,4.4333,10.3550338
2.139,26.2451,0.8573,7.7474,4.0991,10.08995331
2.1304,23.3764,0.8691,7.4405,4.0193,13.453554
2.1822,21.6082,0.8849,7.6875,4.3047,16.49787684
2.0072,20.7146,0.9054,7.3998,3.5376,18.46836988
2.0861,25.2979,0.881,7.6557,4.0377,11.03908123
2.0199,22.0241,0.9179,8.0538,4.4008,15.69096178
2.0559,24.7919,0.8705,7.6273,4.0489,11.60476121
2.1308,26.4596,0.8552,7.7304,4.0679,9.892756018
2.0474,22.3393,0.8876,7.4064,4.0591,15.1198448
1.9862,28.1895,0.9277,7.4684,4.7229,8.501316798
2.0535,21.9784,0.9054,7.5164,4.5131,15.77656877
2.0748,22.0272,0.8939,7.7434,4.4327,15.68518112
2.2667,23.639,0.8561,7.5993,4.4443,13.0771372
2.1471,21.9783,0.8786,7.5856,4.2622,15.77675689
2.1516,21.9675,0.8628,7.7787,4.0332,15.7970952
2.0275,21.9359,0.9022,7.7217,4.0415,15.8568402
2.118,21.9399,0.8841,7.478,4.4032,15.84925798
2.0648,25.7046,0.9219,7.5882,4.7716,10.6151015
2.1025,23.4837,0.8924,7.8289,4.556,13.29772123
2.226,21.5251,0.8643,7.5912,4.0622,16.66690018
2.1242,20.35,0.8833,7.5292,3.9652,19.38021987
2.0501,22.5794,0.9494,7.4864,4.6213,14.70635247
1.9955,24.9128,0.8862,7.5358,3.8429,11.46553593
2.0481,29.3056,0.8855,7.4406,4.2144,7.759491107
2.1239,22.2815,0.8938,7.4963,4.5329,15.2221095
2.0164,22.9562,0.9126,7.4019,4.7754,14.09224488
2.2216,24.9796,0.8674,7.9118,4.408,11.38973031
2.2722,25.8778,0.8696,7.6768,4.5902,10.44224481
2.2767,20.1697,0.8597,7.3679,4.3911,19.85748925
2.1407,22.2187,0.8592,7.5075,4.1664,15.33445469
2.0931,23.8354,0.9008,7.5361,4.7371,12.80628656
2.2168,21.568,0.8734,7.5281,4.239,16.5793055
2.2237,24.0392,0.8783,7.5871,4.6793,12.53441332
1.9951,22.9487,0.9278,7.7084,4.6621,14.10407368
2.0384,26.7355,0.9085,7.5053,4.4416,9.647861251
1.9815,22.372,0.9155,8.0838,3.9949,15.06246527
2.1205,28.4833,0.8615,7.6042,4.2711,8.295588955
2.1389,20.6991,0.8611,7.8729,3.8524,18.50575475
2.0704,20.2734,0.8777,7.6469,4.0621,19.58076607
2.0211,27.0688,0.9597,7.524,4.7675,9.364468875
1.9889,24.3221,0.9233,7.727,4.4098,12.17174939
2.1437,21.6527,0.8636,7.4705,4.2911,16.40846684
2.0625,27.3081,0.9315,7.4172,4.4463,9.168961824
2.0921,24.5319,0.8838,7.849,4.283,11.9133004
2.1495,23.5649,0.8982,7.7403,4.5525,13.18166571
2.231,22.4068,0.866,7.4508,4.2302,15.00177482
2.1282,23.0351,0.8567,7.5653,3.7513,13.96874232
2.1426,27.9468,0.86,7.5313,4.0352,8.677361172
2.0418,22.6654,0.9004,7.7529,3.9148,14.56254424
1.9989,24.9812,0.9322,7.5364,4.6032,11.38792425
2.1399,21.883,0.8902,7.6762,4.2858,15.95765218
2.1087,22.8066,0.853,7.6776,3.7905,14.33116392
2.1704,28.2781,0.8625,7.495,4.3335,8.438441615
2.0609,23.3516,0.8848,7.3496,4.1327,13.48997859
2.2188,21.5424,0.8642,7.4349,4.6654,16.63148938
2.0278,20.3377,0.9024,7.3668,3.8735,19.41220491
1.9953,23.1333,0.9112,7.3929,3.5888,13.81738371
2.0156,22.6805,0.9428,7.3615,4.4129,14.53752171
2.0936,23.1085,0.8504,7.4451,3.6105,13.85536522
2.056,23.4085,0.914,7.9277,4.578,13.40663608
2.0329,24.6468,0.9118,7.5711,4.3899,11.7753834
2.0256,22.4922,0.9383,7.7075,4.6637,14.85445301
1.9961,22.9551,0.9429,7.6935,4.5955,14.0939788
2.2519,25.0595,0.859,7.4487,4.7172,11.30008554
2.0794,21.2892,0.8761,7.6731,3.9411,17.16179251
2.0123,21.7191,0.9433,7.482,3.9495,16.27646015
1.9836,21.3245,0.928,7.4492,4.2093,17.08628238
2.1306,26.7401,0.8515,7.6564,4.0234,9.64385899
2.1087,26.9137,0.8609,7.6478,3.9625,9.494698461
2.077,26.2302,0.8671,7.7313,3.9588,10.10387981
2.1016,22.8713,0.8614,7.3918,3.8499,14.22706143
2.0928,21.8686,0.896,7.5359,3.9381,15.98526838
1.9891,23.277,0.9465,7.4965,4.5554,13.60048293
2.0343,22.7071,0.9165,7.4079,4.7738,14.49360588
2.0542,22.0855,0.8947,7.3749,4.1163,15.57708613
2.1792,21.4871,0.8732,7.7534,4.0945,16.74509725
2.0999,21.1372,0.9066,7.4698,4.5937,17.49298817
2.0204,25.8198,0.9244,7.3417,4.8343,10.49963544
2.2162,25.7919,0.8594,7.3425,4.7787,10.52741861
2.3764,24.7297,0.8525,7.7047,4.7085,11.67742419
2.0568,21.4647,0.8786,7.4983,3.9457,16.7914621
2.0603,22.6767,0.9175,7.7908,4.6781,14.54381242
2.1909,23.3454,0.8503,7.688,3.9968,13.49910889
2.135,23.2821,0.8836,7.5026,4.5798,13.59288323
2.0032,24.9691,0.9182,7.4911,3.9527,11.40159374
2.0235,22.2761,0.8975,7.4888,4.1462,15.23171898
2.1316,25.4677,0.8526,7.5156,4.1295,10.85889514
2.0633,27.1631,0.8962,7.6154,4.4772,9.286653106
1.9956,21.7947,0.9112,7.4324,3.7659,16.128179
2.1873,26.1522,0.8855,7.9089,4.8032,10.17727776
2.0345,23.6648,0.8774,7.6193,3.845,13.04104732
2.0926,24.3218,0.8927,7.4465,4.1577,12.17212522
2.0498,22.5553,0.9202,7.4622,4.8548,14.74705172
2.047,24.26,0.8733,8.0334,3.5892,12.2499373
2.0279,23.421,0.9507,7.5716,4.4729,13.3884352
2.2295,21.7156,0.8632,7.5534,4.1104,16.28337672
2.2557,26.0334,0.8607,7.746,4.7075,10.29068522
1.9968,20.1305,0.9327,8.0745,4.3882,19.96369362
2.0181,23.735,0.9229,7.7729,4.7324,12.94363564
2.0484,26.1833,0.8911,7.7709,4.0983,10.14791282
2.1424,27.6129,0.8998,7.3441,4.5185,8.92906
2.1141,21.4653,0.8587,7.5285,4.007,16.79021756
1.9975,22.0258,0.9085,8.0581,4.1644,15.68779133
2.0063,22.517,0.9395,7.4902,3.8,14.81209563
2.2043,21.8166,0.8658,7.5371,4.3303,16.08561983
2.1742,21.8521,0.8603,7.442,4.2666,16.01700414
2.0904,26.7026,0.915,7.4034,4.0966,9.676562172
2.2413,22.173,0.8548,7.4894,3.9957,15.41702828
2.176,22.6115,0.8872,7.7279,4.6514,14.65241591
2.0064,22.3414,0.9212,7.3844,4.0656,15.11614959
2.1738,27.4339,0.9046,7.3625,4.7281,9.068737099
2.1104,22.7672,0.8537,7.4923,3.7982,14.39514478
2.1003,20.2248,0.8721,7.5864,3.78,19.70969745
1.9931,22.6584,0.8687,7.5141,3.6033,14.574167
2.1766,20.9415,0.8529,8.0113,3.8343,17.93437735
2.2585,21.6823,0.8705,8.0178,4.4224,16.34941397
1.9828,21.6416,0.9076,7.3962,3.945,16.43069789
2.1515,24.1316,0.8956,7.9166,4.5276,12.41411918
2.097,20.5896,0.861,7.5575,3.9486,18.77327324
1.9984,22.5793,0.9519,7.3509,4.3827,14.70652099
2.0042,29.7992,0.8918,7.4665,4.1892,7.46330172
2.3145,24.5145,0.8617,7.6077,4.7594,11.93440664
2.2075,23.2707,0.8944,7.3609,4.6127,13.60987999
2.1338,23.1095,0.8648,7.659,3.9569,13.85383055
2.1025,21.5142,0.879,7.5671,4.0392,16.68927176
2.1671,21.4604,0.8693,7.6815,3.9685,16.80038551
2.1974,26.6646,0.8778,7.8712,4.3802,9.709879053
2.1047,24.4159,0.8669,7.7875,3.6681,12.05512338
2.0202,26.4425,0.9508,7.4289,4.4903,9.908254182
2.0301,26.6912,0.9113,7.4844,4.0567,9.686538399
2.0596,22.7058,0.9041,7.9407,4.1844,14.49574731
2.0674,21.8844,0.889,7.6808,4.1574,15.95497126
2.1236,25.6765,0.8974,7.7196,4.6777,10.64356844
1.9956,22.1487,0.8964,7.8437,3.8069,15.46121919
2.2361,21.5479,0.866,7.4392,4.1282,16.6202563
2.0083,24.6686,0.9062,7.53,4.3545,11.74949885
2.0541,25.5408,0.907,7.7562,4.1853,10.78273954
2.1374,24.8401,0.8928,7.6119,4.7072,11.54893938
2.071,24.2075,0.9106,7.8573,4.7099,12.31665407
2.1331,26.6848,0.8597,7.3809,4.1487,9.692146156
2.0599,22.9964,0.9091,7.4619,4.371,14.02910672
2.0984,23.6459,0.8746,7.4876,4.1986,13.06746994
1.9864,21.7128,0.8943,7.5786,3.9287,16.28891329
2.0638,22.1846,0.8563,7.8894,3.5765,15.3960028
2.1201,28.3644,0.8732,7.6638,4.4131,8.377896511
2.1847,24.7755,0.8788,7.6862,4.4416,11.623851
2.131,27.7292,0.8741,7.4635,4.4321,8.840107163
2.2182,22.2917,0.8594,7.9431,4.0677,15.20398416
1.9851,22.5142,0.9171,7.4087,3.7668,14.81686842
2.1232,26.1644,0.8918,7.3615,4.6289,10.16574254
1.9921,21.9894,0.8734,7.6427,3.6011,15.75589637
2.0789,24.4623,0.893,7.6927,4.4199,11.99807825
2.1286,23.4113,0.8803,7.5569,4.2056,13.40255571
2.1532,26.4275,0.8588,7.3673,4.1593,9.921880417
2.0901,24.2217,0.8554,7.5143,3.8347,12.29855269
2.1009,22.4585,0.8748,7.8466,3.9381,14.91231621
2.0761,23.193,0.9083,7.5208,4.5834,13.72661878
2.1846,25.0197,0.8798,7.5208,4.672,11.34460086
2.2939,23.3082,0.8568,7.7453,4.6319,13.55409466
2.0646,21.2478,0.8998,7.9239,4.1601,17.25101958
2.1157,21.0069,0.8985,7.4072,4.7066,17.78494819
2.0992,25.8753,0.8955,7.7116,4.744,10.4447084
2.1644,24.8896,0.8737,7.652,4.5591,11.49204878
2.035,24.3311,0.8994,7.7798,4.0646,12.16048272
2.0971,28.1682,0.8816,7.5449,4.2938,8.516541893
2.2647,25.6044,0.867,7.7076,4.5257,10.71715978
2.2153,25.7046,0.8647,7.4187,4.6189,10.6151015
2.0044,21.497,0.896,7.4388,4.1225,16.72466955
2.0145,22.8486,0.887,7.8611,3.8328,14.26345044
2.1032,25.5061,0.905,7.4785,4.7326,10.81878528
2.2463,21.9603,0.8524,7.6744,4.1198,15.81067691
2.1206,20.945,0.8618,7.3578,3.8757,17.92633062
1.9877,23.0784,0.8951,7.609,4.0168,13.90168402
2.0905,26.5764,0.9002,7.363,4.3663,9.787905852
2.0249,25.7479,0.9025,7.5834,4.461,10.57146911
2.1437,21.3205,0.8761,7.6138,4.2097,17.09481259
2.077,22.0005,0.8948,7.449,4.565,15.73507904
1.9956,22.0952,0.9088,7.4404,3.8846,15.55921451
2.1891,24.8756,0.8748,7.5283,4.5385,11.50809442
2.0284,23.8505,0.9055,7.3561,4.4459,12.78582718
2.146,20.0695,0.8786,7.6172,3.9073,20.1307404
2.1153,25.9257,0.8995,7.6955,4.7072,10.39521787
2.0028,20.2242,0.9454,7.3612,3.7977,19.7112975
2.0288,21.3213,0.9568,7.3771,3.8759,17.09310601
2.018,21.0878,0.9019,7.6785,4.0134,17.60278736
2.08,21.3299,0.8984,7.5967,3.8348,17.07477719
2.0479,24.477,0.9008,7.3888,4.594,11.98009398
2.1613,21.0596,0.8544,8.315,3.7183,17.66595135
2.1516,23.5637,0.9281,7.4735,4.7612,13.18336925
2.2001,20.261,0.8616,8.2463,3.8338,19.61353626
2.2017,24.9796,0.8874,7.8553,4.838,11.38973031
2.0393,23.6676,0.9575,7.3703,4.6888,13.03713998
2.3469,24.9481,0.8564,7.4894,4.8127,11.42537879
1.9858,23.4484,0.9321,7.463,4.7136,13.3486741
2.0548,21.9994,0.8863,7.6998,3.8556,15.73714009
2.1584,21.0824,0.8726,7.4547,3.9377,17.61485516
1.9813,26.3797,0.9132,7.4153,4.4216,9.965499189
2.1025,22.2543,0.891,7.5817,4.5093,15.27060967
2.1569,26.4939,0.8739,7.5003,4.5107,9.861783369
2.2411,23.2977,0.8726,8.3454,4.4336,13.56967837
2.0999,24.4425,0.885,7.4867,4.605,12.02236892
2.0748,26.7229,0.8985,7.8085,4.7181,9.658837309
2.1315,22.3997,0.8825,7.4208,4.0447,15.01412591
1.9929,21.8421,0.8923,7.4405,3.877,16.03628602
2.1189,23.5562,0.8872,7.5082,4.4981,13.19402415
2.1424,21.4309,0.899,7.397,4.8395,16.8618052
2.2042,20.4221,0.8636,7.5678,4.0188,19.19438053
2.0521,25.4194,0.8951,7.7164,4.4781,10.90967768
1.9831,21.9344,0.9287,7.5376,4.2323,15.859685
2.1468,22.1012,0.8672,7.7264,4.0258,15.54817599
2.1043,25.1776,0.8752,7.4645,4.3364,11.16959277
2.0604,23.7803,0.9236,7.9502,4.7386,12.88137996
2.2112,26.3599,0.8803,7.6142,4.9021,9.983655307
2.0648,27.1282,0.919,7.4217,4.0383,9.315333831
2.1335,23.5481,0.8916,7.8287,4.4606,13.20554662
2.072,25.6629,0.899,7.5639,4.7432,10.65738902
2.1101,23.3008,0.896,7.8207,4.5558,13.56507454
2.0207,20.8118,0.8918,7.3641,4.0834,18.23660587
2.1508,23.8516,0.8827,7.8024,4.5141,12.78433876
2.2225,21.2696,0.858,7.4395,4.541,17.20394489
1.9865,21.5009,0.9523,7.7411,4.3746,16.716633
2.1562,20.8155,0.852,7.8378,3.7221,18.22787377
2.0869,26.9534,0.9323,7.518,4.7529,9.461095311
2.1983,21.7494,0.8655,7.8437,3.9601,16.21677444
1.9819,23.0069,0.9469,7.7982,4.5992,14.01268843
2.2249,20.0719,0.8622,7.4444,4.0834,20.12412673
2.1257,21.915,0.879,7.3611,4.0021,15.8965499
2.039,24.7605,0.9116,7.7102,4.0703,11.64135431
2.0558,25.6215,0.9193,7.5902,4.6216,10.69963409
2.2902,25.238,0.8689,7.3712,4.8572,11.10376527
2.0405,25.6412,0.9435,7.4176,4.6079,10.6794993
2.0725,24.5315,0.8979,7.706,4.4519,11.91378494
2.0849,29.4334,0.8707,7.348,4.391,7.681058617
2.1497,22.5517,0.8644,7.659,4.0943,14.75314643
2.1004,24.13,0.8753,7.569,4.3043,12.41618678
2.1668,25.7555,0.8591,7.7653,4.1779,10.56383977
2.0004,22.7228,0.9079,7.3878,3.7639,14.46778313
2.1461,23.0694,0.8787,7.9439,3.9366,13.91558064
2.2912,20.8848,0.8578,7.6213,4.5156,18.06552723
2.0703,23.6074,0.9284,7.8908,4.8656,13.12155401
2.1904,22.6173,0.8712,7.7544,4.1898,14.64270344
2.1611,24.6042,0.8999,7.7344,4.8422,11.82622382
2.0101,25.0667,0.9095,7.6247,4.2832,11.29206177
2.1244,21.7333,0.8711,7.6751,4.1077,16.24844583
2.096,21.2125,0.8958,7.6329,3.9952,17.32767534
1.9857,23.2817,0.8916,7.79,3.7849,13.59347905
2.1323,22.4533,0.866,7.4839,3.8299,14.92127611
1.9988,23.9008,0.9526,7.5431,4.6957,12.71804263
2.0071,23.4883,0.8836,7.7299,3.835,13.29110393
2.0492,22.2616,0.9147,7.4793,4.7152,15.25756932
2.1211,24.3427,0.8806,7.6323,4.5908,12.14598532
2.0764,25.2806,0.8862,7.7974,4.1046,11.05770215
2.1212,20.7368,0.8663,7.553,4.1337,18.41503092
2.1387,23.2047,0.8578,7.7571,3.9325,13.7089402
2.0967,25.1608,0.9243,7.7652,4.5005,11.18801117
2.1117,26.7643,0.85,7.3661,3.833,9.622846406
2.1284,24.1346,0.9076,7.7843,4.7615,12.41024389
1.9999,23.6637,0.9377,7.3547,4.0864,13.04258285
2.2202,24.3922,0.8591,7.7383,4.4837,12.08442484
1.9979,25.2541,0.8874,7.6377,3.8344,11.08632114
2.0584,22.7555,0.8744,7.8089,3.7588,14.41423041
2.1305,28.9513,0.8852,7.595,4.6912,7.98361799
2.1106,22.7963,0.8774,7.4353,3.9751,14.34784679
2.0983,25.032,0.9047,7.4624,4.7701,11.33081431
2.0088,20.769,0.9009,7.4248,4.0354,18.33809338
2.2312,21.7204,0.8746,7.805,4.3971,16.27389231
2.1898,23.3372,0.8635,7.4989,4.0699,13.51119933
2.189,26.1638,0.8666,7.5658,4.4412,10.16630937
2.0254,25.8985,0.9402,7.4375,4.7152,10.42188128
1.9808,22.0324,0.9366,7.585,3.903,15.67549203
1.9827,25.356,0.9233,7.4632,4.0502,10.97690341
2.1479,24.6764,0.8857,7.6272,4.6038,11.74025906
2.0739,23.4291,0.891,7.776,4.0424,13.3766617
2.2684,21.005,0.8544,7.6949,4.1186,17.78926185
2.0227,20.8018,0.9064,7.5072,3.8279,18.26023896
2.1829,20.7737,0.8879,7.8766,4.4655,18.32690551
2.1961,20.2677,0.8511,7.6804,4.1019,19.59581912
1.9965,22.6283,0.8999,8.0541,3.9569,14.62431092
2.1345,20.5525,0.8829,7.3647,4.402,18.86528858
2.0004,22.6545,0.9561,7.6009,4.5375,14.58064884
2.0875,25.2649,0.8961,7.7192,4.5169,11.07464356
1.9881,22.3024,0.9078,7.7385,4.1074,15.18500665
2.1866,22.0213,0.8592,7.9006,4.1547,15.69618589
2.1315,23.2246,0.8712,7.7638,3.968,13.67895335
2.1272,22.3257,0.8853,7.5837,4.5346,15.14381001
2.1647,22.9658,0.8721,7.7127,4.1502,14.07712669
2.1719,28.1264,0.862,7.9132,4.3,8.546544754
2.0447,22.5075,0.9047,7.8406,4.286,14.82829884
2.1246,23.7813,0.9043,7.7479,4.537,12.88001096
2.0896,23.5248,0.8965,7.5979,4.6317,13.23877957
2.0691,24.9493,0.9034,7.4696,4.0785,11.42401755
2.0881,26.8762,0.8563,7.6854,3.9117,9.526611595
2.1357,20.0478,0.884,7.5347,4.3286,20.19069401
2.0395,23.143,0.9039,7.5496,4.47,13.80257241
2.1321,27.6697,0.8642,7.6184,4.0934,8.885441733
2.0113,26.0655,0.9081,7.5676,4.3391,10.25984774
2.2545,24.2572,0.8701,7.6909,4.6437,12.25348121
2.1638,30.1213,0.8639,7.3981,4.6122,7.279461816
1.9955,23.1213,0.8824,7.3605,3.727,13.83574145
2.2085,23.3124,0.8868,7.5192,4.6579,13.54786902
2.0991,22.8061,0.9188,7.8782,4.8873,14.33197307
2.0321,21.7344,0.9125,7.3426,4.2896,16.24627887
2.192,20.9811,0.8848,7.4219,4.4594,17.84366342
2.0424,21.2592,0.8792,7.6825,3.773,17.22637739
2.1532,22.0365,0.8798,7.6992,4.14,15.66785917
2.1198,23.5489,0.907,7.9882,4.6835,13.2044079
2.0697,24.4006,0.8917,7.3877,4.6604,12.07402675
2.0589,25.7565,0.8813,7.5454,4.0083,10.56283655
2.1961,20.3242,0.8691,7.6481,4.032,19.44740579
2.1448,22.0062,0.8936,7.5219,4.5834,15.72440581
2.2611,26.4097,0.8556,7.6856,4.559,9.938088361
2.046,26.844,0.9116,7.5124,4.6805,9.554148708
2.0732,22.2991,0.8994,7.3577,4.4896,15.19085556
2.3118,25.5354,0.8564,7.5714,4.7858,10.78833659
2.1847,21.3839,0.866,7.9621,4.1507,16.96038995
2.165,26.6453,0.9136,7.3942,4.6686,9.72686942
2.0985,21.6536,0.8805,7.5908,4.0062,16.40666639
2.05,26.7552,0.9112,7.4893,4.4992,9.630739406
2.0746,26.6077,0.9263,7.4434,4.1212,9.760103933
2.1731,24.9257,0.8891,7.8607,4.6825,11.45083533
2.1488,21.6896,0.8647,7.6657,4.1406,16.33490146
2.0156,23.7016,0.9183,7.5906,4.5981,12.98983978
2.1497,21.6823,0.8971,7.6567,4.6103,16.34941397
2.0213,22.5678,0.8596,7.4845,3.5595,14.72592015
2.0251,21.8252,0.8615,7.4703,3.671,16.06895521
2.1492,25.5679,0.8613,7.5574,4.0393,10.75471927
2.11,21.9051,0.8722,7.3605,4.011,15.91541419
2.2667,25.9054,0.8654,7.8348,4.8118,10.41510726
1.9928,26.1564,0.8952,7.4321,4.1719,10.1733043
2.2035,20.7829,0.8705,7.4745,4.1713,18.30503679
2.0595,22.657,0.9026,7.726,3.788,14.5764933
1.9931,26.202,0.8912,7.3825,4.2547,10.13031996
2.0015,24.9429,0.9353,7.3719,4.2232,11.43128043
1.9872,24.8793,0.9281,7.4666,4.7029,11.50385038
2.0888,26.6356,0.8747,7.5165,4.2098,9.735426221
2.0127,26.4659,0.9274,7.4519,4.3815,9.887055744
2.1186,22.6125,0.8738,7.4395,4.171,14.65074063
2.0728,24.2528,0.8827,7.6357,3.9495,12.25905347
2.0548,20.8496,0.8724,7.6835,3.7052,18.14770447
2.0304,25.3658,0.9028,7.7189,4.2297,10.9664697
2.1224,21.9355,0.9384,7.6822,4.6626,15.85759873
2.1292,21.4974,0.8608,7.6727,4.0367,16.72384501
2.0669,24.8959,0.921,7.6504,4.8162,11.48483967
2.0822,22.7707,0.9013,7.6062,4.5963,14.3894431
2.0414,25.2656,0.8995,7.803,4.1428,11.07388734
2.1285,21.0264,0.8631,7.5874,3.6752,17.74077108
2.0238,23.5941,0.8922,7.5732,3.9233,13.14031917
2.0635,21.9438,0.9025,7.8042,4.1883,15.84187079
2.1444,28.2834,0.864,7.447,4.2049,8.43470358
2.1939,25.3547,0.8987,7.3581,4.7813,10.97828864
2.0625,27.5235,0.9064,7.5511,4.6045,8.998395765
2.0305,20.8839,0.9359,7.3838,4.4562,18.06762108
2.0475,21.2284,0.8632,7.3763,3.8982,17.29308173
2.2377,24.7824,0.867,7.6329,4.6258,11.61581333
2.1037,21.4929,0.8719,7.4816,3.9975,16.73312476
2.1598,23.4418,0.8641,7.4731,4.0119,13.35823466
2.1537,26.0049,0.8726,7.624,4.5368,10.31818622
2.1225,21.6738,0.8647,7.5121,4.1486,16.36633758
2.0251,23.1669,0.8964,7.7789,3.8971,13.76618461
2.1065,26.0785,0.8878,7.8582,4.3755,10.24740022
2.0543,21.693,0.8576,7.4667,3.8051,16.32814909
2.1225,24.1686,0.8966,7.6166,4.5168,12.36645612
2.0532,25.047,0.878,7.3714,3.9901,11.31403695
2.1815,22.2251,0.8694,7.5265,4.0017,15.32294612
